class Data(object):

    def __init__(self):
        self.distance_matrix = [[0, 45, 78, 12, 70, 85, 65, 39, 60, 41, 20, 78, 43, 37, 71, 1, 99, 45, 31, 77],
                                [45, 0, 19, 69, 34, 65, 64, 10, 96, 12, 71, 79, 95, 21, 92, 28, 92, 41, 71, 55],
                                [78, 19, 0, 60, 43, 49, 67, 23, 54, 20, 75, 63, 14, 79, 13, 10, 93, 20, 26, 61],
                                [12, 69, 60, 0, 36, 38, 55, 90, 47, 7, 80, 38, 19, 28, 16, 49, 94, 21, 69, 97],
                                [70, 34, 43, 36, 0, 55, 8, 60, 87, 96, 70, 42, 14, 29, 66, 94, 52, 3, 97, 40],
                                [85, 65, 49, 38, 55, 0, 19, 35, 53, 81, 54, 2, 59, 83, 65, 88, 30, 97, 57, 14],
                                [65, 64, 67, 55, 8, 19, 0, 8, 46, 35, 11, 39, 4, 89, 68, 60, 45, 39, 55, 100],
                                [39, 10, 23, 90, 60, 35, 8, 0, 63, 69, 80, 3, 15, 86, 31, 65, 95, 71, 90, 75],
                                [60, 96, 54, 47, 87, 53, 46, 63, 0, 66, 78, 18, 47, 44, 13, 68, 87, 25, 4, 43],
                                [41, 12, 20, 7, 96, 81, 35, 69, 66, 0, 22, 2, 15, 97, 41, 75, 60, 58, 45, 34],
                                [20, 71, 75, 80, 70, 54, 11, 80, 78, 22, 0, 94, 9, 85, 31, 9, 73, 70, 59, 85],
                                [78, 79, 63, 38, 42, 2, 39, 3, 18, 2, 94, 0, 39, 38, 100, 60, 83, 95, 1, 9],
                                [43, 95, 14, 19, 14, 59, 4, 15, 47, 15, 9, 39, 0, 44, 74, 62, 96, 8, 94, 24],
                                [37, 21, 79, 28, 29, 83, 89, 86, 44, 97, 85, 38, 44, 0, 27, 84, 83, 100, 85, 52],
                                [71, 92, 13, 16, 66, 65, 68, 31, 13, 41, 31, 100, 74, 27, 0, 89, 32, 41, 32, 62],
                                [1, 28, 10, 49, 94, 88, 60, 65, 68, 75, 9, 60, 62, 84, 89, 0, 2, 40, 72, 60],
                                [99, 92, 93, 94, 52, 30, 45, 95, 87, 60, 73, 83, 96, 83, 32, 2, 0, 9, 82, 80],
                                [45, 41, 20, 21, 3, 97, 39, 71, 25, 58, 70, 95, 8, 100, 41, 40, 9, 0, 3, 75],
                                [31, 71, 26, 69, 97, 57, 55, 90, 4, 45, 59, 1, 94, 85, 32, 72, 82, 3, 0, 89],
                                [77, 55, 61, 97, 40, 14, 100, 75, 43, 34, 85, 9, 24, 52, 62, 60, 80, 75, 89, 0]]
        self.cost_matrix = [[0, 25, 64, 63, 54, 94, 22, 23, 22, 100, 44, 1, 97, 21, 43, 79, 17, 67, 46, 27],
                            [25, 0, 89, 22, 79, 68, 98, 54, 26, 83, 4, 57, 83, 58, 92, 97, 60, 60, 72, 73],
                            [64, 89, 0, 97, 76, 94, 87, 97, 48, 11, 9, 52, 33, 81, 85, 51, 58, 62, 78, 76],
                            [63, 22, 97, 0, 34, 78, 43, 76, 4, 25, 3, 57, 38, 79, 94, 95, 69, 45, 17, 72],
                            [54, 79, 76, 34, 0, 32, 84, 21, 38, 19, 61, 72, 54, 15, 55, 9, 10, 64, 94, 31],
                            [94, 68, 94, 78, 32, 0, 19, 59, 58, 21, 83, 20, 97, 90, 4, 64, 65, 56, 13, 56],
                            [22, 98, 87, 43, 84, 19, 0, 67, 68, 41, 25, 35, 39, 73, 98, 94, 47, 64, 14, 100],
                            [23, 54, 97, 76, 21, 59, 67, 0, 19, 77, 32, 23, 89, 17, 54, 59, 55, 72, 42, 43],
                            [22, 26, 48, 4, 38, 58, 68, 19, 0, 20, 46, 81, 73, 34, 92, 55, 7, 38, 35, 66],
                            [100, 83, 11, 25, 19, 21, 41, 77, 20, 0, 50, 81, 6, 36, 33, 39, 22, 99, 34, 49],
                            [44, 4, 9, 3, 61, 83, 25, 32, 46, 50, 0, 79, 94, 96, 4, 1, 68, 89, 35, 77],
                            [1, 57, 52, 57, 72, 20, 35, 23, 81, 81, 79, 0, 53, 29, 13, 40, 9, 15, 15, 58],
                            [97, 83, 33, 38, 54, 97, 39, 89, 73, 6, 94, 53, 0, 41, 34, 33, 24, 76, 1, 56],
                            [21, 58, 81, 79, 15, 90, 73, 17, 34, 36, 96, 29, 41, 0, 44, 23, 100, 88, 48, 7],
                            [43, 92, 85, 94, 55, 4, 98, 54, 92, 33, 4, 13, 34, 44, 0, 99, 4, 76, 94, 74],
                            [79, 97, 51, 95, 9, 64, 94, 59, 55, 39, 1, 40, 33, 23, 99, 0, 65, 44, 20, 78],
                            [17, 60, 58, 69, 10, 65, 47, 55, 7, 22, 68, 9, 24, 100, 4, 65, 0, 79, 23, 52],
                            [67, 60, 62, 45, 64, 56, 64, 72, 38, 99, 89, 15, 76, 88, 76, 44, 79, 0, 36, 39],
                            [46, 72, 78, 17, 94, 13, 14, 42, 35, 34, 35, 15, 1, 48, 94, 20, 23, 36, 0, 40],
                            [27, 73, 76, 72, 31, 56, 100, 43, 66, 49, 77, 58, 56, 7, 74, 78, 52, 39, 40, 0]]

        self.length_chromosome = len(self.distance_matrix)
